영업월	고객수	총매출		순매출		부가세	할인	취소	취소금액	결제 수단							
										현금매출					카드매출			
										영수건수	영수금액	 취소건수 취소금액	영수건수	영수금액	 취소건수 취소금액
2016-06	209	1,309,500 	1,304,900		118,610	4,600	5	42,400	105	610,200	 5	 42,400		104	694,700	 0	 0
2016-07	486	3,157,000		3,157,000		286,991	0	3	23,800	191	1,158,000	 4	 33,800		291	1,999,000	 1 	 8,000
2016-08	373	2,730,500		2,710,500		246,411	20,000	2	12,800	129	930,300	 2	 8,600		242	1,780,200	 1	 8,500
2016-09	329	2,037,900		2,022,150		183,818	15,750	3	18,500	92	508,800	 2	 8,000		237	1,513,350	 1	 10,500
2016-10	362	2,401,100		2,401,100		218,246	0	2	18,000	95	584,600	 1	 9,000		267	1,816,500	 1	 9,000
2016-11	399	3,017,900		3,011,400		273,743	6,500	3	24,600	131	1,072,300	 0	 0		268	1,939,100	 3	 24,600
2016-12	412	2,647,900		2,641,200		240,082	6,700	2	21,700	114	602,400	 1	 18,700		298	2,038,800	 1	 3,000
2017-01	409	2,646,200		2,630,700		239,128	15,500	0	0	91	556,700	 0	 0		318	2,074,000	 0	 0
2017-02	448	2,741,500		2,716,800		246,938	24,700	2	13,800	83	413,500	 0	 0		365	2,303,300	 2	 13,800
2017-03	704	4,235,700		4,214,200		383,089	21,500	11	75,300	148	755,400	 1	 5,400		555	3,458,800	 10	 69,900
2017-04	637	3,751,600		3,738,900		339,902	12,700	8	51,100	108	648,700	 1	 9,000		529	3,090,200	 7	 42,100
2017-05	1,093	6,676,300		6,613,000		601,174	63,300	11	53,800	221	1,191,600	 1	 2,700		872	5,421,400	 10	 51,100
2017-06	1,103	6,585,800		6,546,900		595,159	38,900	12	55,100	220	1,162,400	 6	 22,600		883	5,384,500	 6	 32,500
2017-07	954	5,734,900		5,623,000		511,204	111,900	9	79,900	191	998,600	 3	 26,000		762	4,624,400	 6	 53,900
2017-08	940	6,068,200		5,999,500		545,414	68,700	14	100,420	164	923,200	 7	 67,000		771	5,076,300	 7	 33,420
2017-09	1,073	6,137,200		6,078,250		552,572	58,950	15	107,100	160	768,050	 12	 92,300		911	5,310,200	 3	 14,800
2017-10	982	5,737,300		5,674,300		515,796	63,000	21	208,100	177	865,600	 13	 120,900		804	4,808,700	 8	 87,200
2017-11	881	5,253,400		5,154,400		468,476	99,000	8	46,200	161	859,500	 1	 9,500		715	4,294,900	 7	 36,700
2017-12	968	5,818,200		5,612,800		510,155	205,400	11	114,400	173	924,600	 4	 72,800		782	4,688,200	 6	 41,600
2018-01	960	6,315,800		5,984,100		543,907	331,700	20	2,200,900	176	863,200	 5	 17,800		761	5,120,900	 14	 2,183,100
2018-02	767	4,532,100		4,447,600		404,234	84,500	8	57,200	174	814,600	 3	 12,100		589	3,633,000	 5	 45,100
2018-03	1,084	6,149,400		6,017,100		546,967	132,300	6	35,500	183	804,900	 3	 12,300		889	5,212,200	 2	 23,200
2018-04	1,176	6,749,900		6,587,600		598,816	162,300	11	72,800	183	772,300	 5	 24,000		978	5,815,300	 6	 48,800
2018-05	1,267	6,919,400		6,754,900		614,045	164,500	15	110,100	234	1,054,600	 7	 49,500		1,009	5,700,300	 8	 60,600
2018-06	1,192	6,782,200		6,575,500		597,755	206,700	15	101,200	177	776,000	 2	 5,700		984	5,799,500	 13	 95,500
2018-07	1,109	6,040,300		5,882,500		534,729	157,800	14	81,800	156	731,100	 7	 41,700		933	5,151,400	 7	 40,100
2018-08	1,173	6,835,400		6,656,600		605,142	178,800	19	138,800	156	743,100	 7	 64,300		1,000	5,913,500	 12	 74,500
2018-09	1,121	6,114,900		5,929,500		539,027	185,400	14	92,100	152	663,400	 6	 38,800		946	5,266,100	 8	 53,300
2018-10	1,269	7,030,300		6,847,400		622,419	182,900	14	66,200	202	784,500	 9	 30,900		1,047	6,062,900	 5	 35,300
